 VIOLÊNCIA INTERPESSOAL/AUTOPROVOCADA - Brasil
Freqüência por Estupro e Faixa Etária
Período:2009-2019
"Estupro";"Ign/Branco";"<1 Ano";"1-4";"5-9";"10-14";"15-19";"20-29";"30-39";"40-49";"50-59";"60 e mais";"Total"
"Sim";183;2319;20904;33073;67343;33794;28720;15714;8073;3297;2064;215484
"Não";91;940;10536;13806;16667;7016;3831;2947;1791;812;590;59027
"Ignorado";29;386;4442;4198;3917;1428;1205;993;577;246;191;17612
"Em Branco";194;3788;6951;5337;8519;16176;23680;18370;10263;4861;5748;103887
"Total";497;7433;42833;56414;96446;58414;57436;38024;20704;9216;8593;396010
 Fonte: Ministério da Saúde/SVS - Sistema de Informação de Agravos de Notificação - Sinan Net
 Notas:
 
  Períodos Disponíveis ou período - Correspondem aos anos de notificação dos casos.
  Dados de 2019 referentes ao estado do Espírito Santo são oriundos do Sinan e Sistema de Informação e-SUS VS, em uso pelo estado desde dezembro de 2019.
  Dados de 2009 a 2014 atualizados em 15/05/2018.
  Dados de 2015 e 2016 atualizados em 08/11/2018.
  Dados de 2017 atualizados em 17/04/2019.
  Dados de 2018 atualizados em 24/06/2020.
  Dados de 2019 atualizados em 18/03/2021.
 *Dados disponibilizados no TABNET em 04/2021
 
